DATA	C1	C2	C3	C4	C5	C6	C7	C8	C9	C10	C11	C12	C13	C14	C15	C16	C17	C18	C19	C20	C21	C22	C23	C24	C25	C26	C27	C28	C29	C30	C31	C32	C33	C34	C35	C36	C37	C38	C39	C40	C41	C42	C43	C44	C45	C46	C47	C48	C49	C50	C51	C52	C53	C54	C55	C56	C57	C58	C59	C60	C61	C62	C63	C64	C65	C66	C67	C68	C69	C70	C71	C72	C73	C74	C75	C76	C77	C78	C79	C80	C81	C82	C83	C84	C85	C86	C87	C88	C89	C90	C91	C92	C93	C94	C95	C96	C97	C98	C99	C100	C101
R1	0.083	0.085	0.086	0.086	0.086	0.087	0.087	0.086	0.083	0.088	0.088	0.088	0.088	0.088	0.088	0.088	0.088	0.088	0.089	0.091	0.089	0.087	0.089	0.088	0.089	0.089	0.089	0.104	0.088	0.091	0.088	0.089	0.089	0.088	0.088	0.088	0.089	0.092	0.088	0.088	0.089	0.099	0.103	0.111	0.101	0.106	0.105	0.105	0.105	0.096	0.101	0.101	0.104	0.101	0.103	0.108	0.1	0.104	0.107	0.102	0.106	0.106	0.108	0.107	0.107	0.106	0.106	0.106	0.111	0.108	0.113	0.096	0.096	0.095	0.102	0.097	0.096	0.095	0.096	0.098	0.096	0.104	0.105	0.106	0.107	0.104	0.106	0.104	0.104	0.103	0.106	0.096	0.102	0.096	0.096	0.097	0.096	0.097	0.096	0.098	0.099
R2	0.083	0.085	0.086	0.086	0.086	0.087	0.085	0.086	0.083	0.089	0.089	0.089	0.089	0.089	0.089	0.089	0.089	0.089	0.091	0.092	0.091	0.089	0.09	0.089	0.09	0.091	0.091	0.105	0.09	0.093	0.089	0.091	0.09	0.089	0.089	0.088	0.091	0.096	0.09	0.089	0.092	0.097	0.102	0.107	0.1	0.102	0.102	0.104	0.102	0.096	0.102	0.103	0.106	0.103	0.105	0.11	0.101	0.105	0.109	0.107	0.108	0.106	0.109	0.108	0.108	0.106	0.106	0.107	0.11	0.108	0.114	0.096	0.097	0.096	0.104	0.096	0.097	0.096	0.096	0.098	0.097	0.102	0.104	0.104	0.107	0.103	0.105	0.103	0.104	0.103	0.106	0.097	0.102	0.097	0.097	0.098	0.097	0.097	0.097	0.098	0.1
R3	0.086	0.089	0.09	0.089	0.089	0.09	0.09	0.088	0.087	0.092	0.091	0.09	0.09	0.09	0.09	0.091	0.09	0.091	0.091	0.093	0.095	0.093	0.094	0.093	0.095	0.096	0.095	0.107	0.094	0.097	0.091	0.093	0.092	0.091	0.092	0.091	0.093	0.099	0.092	0.092	0.094	0.097	0.101	0.102	0.098	0.101	0.1	0.102	0.1	0.096	0.101	0.105	0.11	0.105	0.107	0.111	0.104	0.108	0.111	0.109	0.111	0.109	0.111	0.11	0.11	0.109	0.109	0.11	0.112	0.111	0.116	0.097	0.097	0.097	0.104	0.097	0.097	0.097	0.097	0.099	0.098	0.103	0.104	0.104	0.107	0.103	0.105	0.103	0.103	0.103	0.104	0.097	0.103	0.097	0.098	0.098	0.097	0.097	0.097	0.098	0.1
R4	0.092	0.092	0.094	0.093	0.093	0.095	0.093	0.093	0.091	0.094	0.092	0.092	0.091	0.092	0.092	0.092	0.092	0.092	0.092	0.095	0.097	0.096	0.096	0.096	0.098	0.099	0.098	0.108	0.096	0.099	0.093	0.094	0.094	0.093	0.094	0.093	0.095	0.102	0.094	0.094	0.096	0.098	0.102	0.103	0.098	0.101	0.101	0.103	0.1	0.096	0.101	0.106	0.111	0.107	0.109	0.113	0.105	0.108	0.111	0.106	0.112	0.11	0.112	0.111	0.111	0.109	0.11	0.11	0.113	0.112	0.117	0.098	0.099	0.098	0.106	0.099	0.098	0.098	0.099	0.1	0.1	0.104	0.106	0.105	0.109	0.105	0.107	0.105	0.105	0.106	0.108	0.098	0.104	0.099	0.099	0.099	0.098	0.099	0.098	0.1	0.101
R5	0.097	0.097	0.098	0.097	0.097	0.098	0.098	0.096	0.094	0.098	0.093	0.093	0.092	0.093	0.093	0.093	0.093	0.093	0.093	0.096	0.1	0.098	0.099	0.099	0.1	0.1	0.099	0.107	0.097	0.101	0.095	0.095	0.096	0.095	0.096	0.095	0.097	0.104	0.095	0.096	0.097	0.098	0.102	0.105	0.099	0.102	0.101	0.104	0.101	0.096	0.102	0.107	0.111	0.108	0.11	0.114	0.107	0.11	0.113	0.108	0.113	0.11	0.113	0.112	0.112	0.11	0.111	0.111	0.113	0.113	0.118	0.099	0.1	0.099	0.109	0.1	0.099	0.099	0.099	0.1	0.101	0.105	0.106	0.107	0.109	0.105	0.107	0.105	0.105	0.106	0.107	0.099	0.105	0.1	0.1	0.1	0.099	0.1	0.099	0.1	0.102
R6	0.097	0.099	0.103	0.104	0.106	0.104	0.105	0.1	0.098	0.104	0.094	0.094	0.094	0.094	0.094	0.095	0.094	0.094	0.094	0.097	0.1	0.099	0.1	0.1	0.101	0.101	0.1	0.108	0.098	0.102	0.096	0.097	0.098	0.098	0.098	0.098	0.099	0.106	0.097	0.097	0.099	0.099	0.104	0.107	0.1	0.104	0.103	0.105	0.101	0.097	0.103	0.109	0.112	0.109	0.112	0.116	0.108	0.112	0.114	0.108	0.115	0.112	0.114	0.114	0.113	0.112	0.112	0.113	0.114	0.113	0.12	0.1	0.101	0.1	0.11	0.101	0.101	0.1	0.1	0.102	0.103	0.105	0.107	0.107	0.11	0.106	0.108	0.105	0.106	0.106	0.106	0.1	0.106	0.101	0.101	0.102	0.1	0.1	0.099	0.101	0.103
R7	0.105	0.108	0.112	0.114	0.115	0.113	0.11	0.108	0.098	0.109	0.095	0.096	0.095	0.096	0.096	0.096	0.096	0.095	0.095	0.097	0.101	0.1	0.101	0.101	0.103	0.103	0.101	0.108	0.098	0.102	0.097	0.1	0.101	0.101	0.101	0.1	0.101	0.11	0.099	0.098	0.101	0.1	0.105	0.106	0.102	0.105	0.104	0.106	0.102	0.097	0.103	0.11	0.117	0.111	0.114	0.118	0.11	0.113	0.115	0.109	0.117	0.113	0.116	0.115	0.115	0.114	0.114	0.115	0.115	0.113	0.121	0.102	0.102	0.102	0.109	0.103	0.102	0.101	0.101	0.103	0.104	0.105	0.106	0.106	0.11	0.106	0.107	0.106	0.105	0.106	0.106	0.101	0.108	0.103	0.102	0.103	0.101	0.102	0.1	0.101	0.104
R8	0.111	0.116	0.127	0.127	0.128	0.127	0.124	0.119	0.102	0.118	0.096	0.097	0.096	0.097	0.097	0.097	0.097	0.096	0.096	0.099	0.102	0.102	0.103	0.103	0.104	0.104	0.103	0.108	0.1	0.103	0.099	0.101	0.103	0.103	0.104	0.104	0.104	0.113	0.101	0.1	0.103	0.102	0.106	0.107	0.103	0.106	0.106	0.108	0.104	0.098	0.104	0.111	0.117	0.113	0.116	0.12	0.111	0.115	0.117	0.11	0.118	0.114	0.117	0.117	0.117	0.117	0.117	0.117	0.116	0.115	0.123	0.103	0.104	0.104	0.113	0.105	0.104	0.103	0.102	0.104	0.105	0.106	0.108	0.108	0.111	0.107	0.109	0.106	0.107	0.107	0.107	0.102	0.109	0.104	0.103	0.104	0.103	0.102	0.1	0.102	0.105
R9	0.116	0.125	0.14	0.137	0.142	0.141	0.139	0.131	0.107	0.13	0.097	0.098	0.097	0.098	0.098	0.098	0.098	0.097	0.097	0.1	0.103	0.104	0.105	0.105	0.105	0.105	0.104	0.108	0.099	0.104	0.101	0.104	0.106	0.108	0.108	0.108	0.109	0.117	0.103	0.1	0.105	0.104	0.108	0.109	0.103	0.108	0.107	0.109	0.105	0.099	0.105	0.113	0.12	0.115	0.119	0.123	0.113	0.117	0.119	0.11	0.12	0.115	0.118	0.119	0.119	0.118	0.118	0.118	0.118	0.114	0.122	0.104	0.105	0.105	0.115	0.107	0.106	0.105	0.103	0.104	0.107	0.107	0.108	0.109	0.111	0.107	0.11	0.107	0.106	0.106	0.106	0.103	0.11	0.105	0.104	0.105	0.104	0.103	0.101	0.102	0.105
R10	0.119	0.129	0.154	0.138	0.155	0.16	0.152	0.142	0.113	0.145	0.098	0.1	0.099	0.1	0.1	0.1	0.1	0.098	0.098	0.1	0.106	0.106	0.108	0.107	0.109	0.109	0.108	0.111	0.1	0.105	0.101	0.107	0.11	0.112	0.113	0.113	0.114	0.121	0.106	0.102	0.108	0.104	0.109	0.109	0.104	0.11	0.109	0.11	0.106	0.1	0.107	0.114	0.124	0.117	0.123	0.126	0.116	0.12	0.122	0.111	0.122	0.117	0.12	0.122	0.122	0.121	0.121	0.121	0.12	0.115	0.124	0.106	0.106	0.107	0.115	0.108	0.107	0.106	0.104	0.104	0.109	0.107	0.109	0.11	0.112	0.109	0.111	0.108	0.107	0.106	0.106	0.104	0.11	0.106	0.105	0.106	0.105	0.105	0.102	0.103	0.107
R11	0.127	0.129	0.17	0.161	0.17	0.17	0.168	0.157	0.118	0.162	0.1	0.101	0.101	0.102	0.102	0.101	0.102	0.099	0.098	0.101	0.106	0.106	0.109	0.108	0.111	0.111	0.11	0.112	0.101	0.105	0.104	0.111	0.114	0.117	0.118	0.118	0.119	0.126	0.11	0.103	0.111	0.104	0.111	0.11	0.105	0.112	0.111	0.11	0.106	0.101	0.107	0.116	0.123	0.12	0.126	0.13	0.119	0.123	0.124	0.111	0.124	0.118	0.123	0.124	0.125	0.124	0.124	0.124	0.122	0.115	0.127	0.107	0.108	0.109	0.117	0.109	0.109	0.108	0.105	0.104	0.11	0.109	0.11	0.111	0.114	0.111	0.112	0.11	0.108	0.107	0.107	0.105	0.111	0.107	0.106	0.107	0.106	0.107	0.103	0.103	0.107
R12	0.131	0.145	0.188	0.181	0.187	0.189	0.185	0.168	0.123	0.184	0.101	0.103	0.102	0.103	0.104	0.103	0.103	0.1	0.099	0.102	0.108	0.109	0.112	0.111	0.114	0.114	0.112	0.116	0.102	0.107	0.106	0.115	0.119	0.123	0.124	0.125	0.125	0.132	0.113	0.105	0.114	0.105	0.113	0.11	0.106	0.113	0.113	0.111	0.107	0.102	0.108	0.118	0.128	0.123	0.131	0.134	0.122	0.126	0.127	0.111	0.126	0.121	0.125	0.127	0.128	0.128	0.128	0.128	0.124	0.116	0.129	0.108	0.109	0.11	0.119	0.111	0.11	0.109	0.106	0.105	0.112	0.109	0.111	0.113	0.116	0.112	0.114	0.112	0.109	0.108	0.107	0.105	0.112	0.108	0.107	0.108	0.107	0.108	0.103	0.104	0.108
R13	0.139	0.161	0.209	0.205	0.208	0.214	0.209	0.187	0.127	0.205	0.103	0.105	0.104	0.106	0.106	0.106	0.106	0.102	0.1	0.103	0.111	0.112	0.115	0.114	0.118	0.117	0.115	0.117	0.103	0.108	0.108	0.119	0.124	0.13	0.131	0.131	0.131	0.138	0.117	0.107	0.118	0.105	0.114	0.111	0.107	0.112	0.113	0.111	0.107	0.102	0.109	0.12	0.131	0.127	0.135	0.139	0.125	0.13	0.13	0.112	0.128	0.124	0.129	0.131	0.132	0.132	0.133	0.133	0.128	0.117	0.13	0.11	0.111	0.112	0.121	0.113	0.113	0.111	0.108	0.106	0.114	0.111	0.114	0.117	0.119	0.115	0.117	0.114	0.112	0.109	0.109	0.106	0.113	0.109	0.108	0.109	0.108	0.109	0.105	0.105	0.109
R14	0.144	0.172	0.232	0.229	0.236	0.239	0.232	0.213	0.135	0.229	0.104	0.106	0.106	0.108	0.108	0.107	0.108	0.103	0.1	0.104	0.113	0.114	0.118	0.117	0.121	0.12	0.117	0.119	0.103	0.108	0.109	0.124	0.131	0.138	0.14	0.139	0.139	0.145	0.122	0.109	0.124	0.105	0.115	0.112	0.108	0.113	0.113	0.112	0.108	0.101	0.11	0.123	0.133	0.132	0.141	0.144	0.128	0.134	0.133	0.112	0.131	0.127	0.132	0.134	0.137	0.137	0.137	0.137	0.131	0.118	0.131	0.111	0.113	0.114	0.123	0.115	0.115	0.113	0.109	0.107	0.114	0.113	0.115	0.118	0.121	0.117	0.119	0.116	0.114	0.11	0.109	0.107	0.113	0.11	0.109	0.11	0.109	0.11	0.105	0.106	0.11
R15	0.149	0.185	0.261	0.264	0.268	0.269	0.273	0.24	0.137	0.262	0.106	0.108	0.109	0.11	0.111	0.11	0.11	0.104	0.1	0.105	0.115	0.116	0.121	0.12	0.124	0.124	0.121	0.122	0.104	0.109	0.112	0.131	0.137	0.146	0.148	0.149	0.149	0.153	0.127	0.11	0.13	0.106	0.115	0.112	0.109	0.114	0.113	0.114	0.109	0.101	0.111	0.126	0.137	0.137	0.147	0.15	0.132	0.139	0.136	0.112	0.134	0.131	0.137	0.14	0.143	0.143	0.143	0.143	0.135	0.119	0.134	0.113	0.114	0.116	0.125	0.118	0.117	0.115	0.111	0.108	0.115	0.114	0.117	0.12	0.124	0.12	0.121	0.118	0.116	0.11	0.11	0.107	0.114	0.111	0.111	0.112	0.11	0.111	0.106	0.106	0.111
R16	0.158	0.204	0.304	0.294	0.296	0.302	0.303	0.268	0.143	0.289	0.108	0.11	0.111	0.113	0.113	0.113	0.113	0.106	0.1	0.106	0.117	0.12	0.125	0.124	0.129	0.128	0.124	0.124	0.105	0.11	0.115	0.137	0.146	0.156	0.158	0.159	0.159	0.161	0.134	0.113	0.136	0.106	0.114	0.114	0.109	0.114	0.114	0.115	0.11	0.1	0.111	0.13	0.143	0.143	0.154	0.157	0.136	0.144	0.14	0.113	0.137	0.136	0.142	0.146	0.149	0.149	0.15	0.149	0.139	0.119	0.136	0.114	0.116	0.119	0.127	0.12	0.119	0.117	0.113	0.109	0.115	0.116	0.119	0.123	0.127	0.122	0.123	0.12	0.119	0.111	0.11	0.108	0.115	0.113	0.112	0.114	0.111	0.112	0.108	0.107	0.113
R17	0.168	0.219	0.329	0.339	0.346	0.338	0.345	0.309	0.149	0.328	0.11	0.113	0.113	0.115	0.116	0.115	0.116	0.108	0.1	0.107	0.121	0.124	0.13	0.13	0.135	0.133	0.129	0.128	0.105	0.112	0.117	0.145	0.155	0.167	0.169	0.17	0.17	0.17	0.141	0.116	0.144	0.107	0.114	0.115	0.11	0.116	0.115	0.115	0.111	0.101	0.112	0.134	0.148	0.15	0.163	0.166	0.142	0.15	0.145	0.113	0.14	0.14	0.147	0.152	0.156	0.156	0.157	0.156	0.144	0.119	0.138	0.116	0.118	0.122	0.13	0.123	0.122	0.12	0.114	0.109	0.116	0.117	0.121	0.125	0.13	0.123	0.125	0.121	0.121	0.112	0.111	0.109	0.116	0.115	0.114	0.115	0.113	0.114	0.109	0.107	0.115
R18	0.175	0.241	0.371	0.368	0.381	0.38	0.391	0.342	0.157	0.366	0.111	0.114	0.115	0.118	0.118	0.118	0.118	0.11	0.1	0.107	0.123	0.128	0.135	0.134	0.14	0.138	0.133	0.132	0.107	0.113	0.12	0.153	0.165	0.178	0.181	0.182	0.182	0.18	0.149	0.119	0.151	0.108	0.114	0.116	0.111	0.117	0.116	0.117	0.111	0.101	0.113	0.138	0.155	0.158	0.172	0.174	0.148	0.157	0.151	0.113	0.143	0.146	0.153	0.16	0.163	0.164	0.166	0.163	0.149	0.12	0.142	0.118	0.12	0.124	0.133	0.126	0.125	0.123	0.116	0.111	0.119	0.119	0.124	0.128	0.134	0.125	0.127	0.122	0.124	0.113	0.112	0.11	0.118	0.116	0.116	0.117	0.115	0.115	0.11	0.107	0.116
R19	0.186	0.264	0.42	0.423	0.435	0.433	0.424	0.38	0.166	0.408	0.113	0.116	0.118	0.12	0.121	0.121	0.121	0.111	0.101	0.109	0.126	0.132	0.14	0.139	0.145	0.143	0.138	0.136	0.106	0.116	0.123	0.162	0.175	0.19	0.193	0.194	0.194	0.189	0.158	0.122	0.159	0.108	0.115	0.118	0.112	0.118	0.117	0.118	0.112	0.101	0.114	0.142	0.159	0.165	0.18	0.184	0.154	0.165	0.156	0.112	0.148	0.151	0.16	0.167	0.172	0.172	0.174	0.172	0.155	0.121	0.146	0.12	0.123	0.127	0.137	0.129	0.128	0.126	0.119	0.111	0.121	0.12	0.126	0.129	0.137	0.125	0.128	0.123	0.125	0.115	0.112	0.111	0.119	0.118	0.117	0.119	0.117	0.117	0.111	0.108	0.119
R20	0.198	0.294	0.474	0.473	0.476	0.491	0.481	0.426	0.178	0.458	0.115	0.119	0.12	0.123	0.124	0.124	0.124	0.113	0.101	0.111	0.13	0.137	0.145	0.145	0.15	0.15	0.144	0.139	0.107	0.117	0.127	0.172	0.186	0.205	0.207	0.208	0.207	0.2	0.169	0.126	0.168	0.109	0.116	0.119	0.114	0.12	0.119	0.119	0.113	0.101	0.115	0.147	0.168	0.174	0.191	0.194	0.161	0.173	0.162	0.113	0.153	0.158	0.168	0.176	0.182	0.181	0.183	0.181	0.161	0.121	0.149	0.122	0.125	0.13	0.139	0.132	0.132	0.129	0.121	0.114	0.122	0.122	0.128	0.132	0.141	0.127	0.129	0.125	0.126	0.115	0.113	0.112	0.12	0.12	0.119	0.121	0.119	0.119	0.112	0.107	0.12
R21	0.21	0.327	0.531	0.531	0.538	0.557	0.546	0.473	0.186	0.511	0.117	0.121	0.123	0.126	0.127	0.125	0.124	0.116	0.101	0.112	0.134	0.142	0.151	0.15	0.155	0.155	0.149	0.142	0.107	0.119	0.131	0.181	0.198	0.222	0.224	0.223	0.223	0.211	0.18	0.13	0.177	0.11	0.117	0.122	0.115	0.123	0.121	0.122	0.114	0.101	0.116	0.154	0.178	0.183	0.203	0.205	0.168	0.18	0.169	0.113	0.157	0.164	0.175	0.184	0.191	0.189	0.192	0.19	0.168	0.122	0.153	0.124	0.127	0.133	0.142	0.134	0.135	0.132	0.124	0.114	0.124	0.123	0.129	0.133	0.145	0.128	0.13	0.125	0.126	0.116	0.114	0.113	0.121	0.122	0.121	0.122	0.12	0.12	0.113	0.107	0.122
R22	0.219	0.351	0.596	0.592	0.597	0.614	0.594	0.531	0.197	0.563	0.121	0.125	0.128	0.131	0.132	0.128	0.127	0.119	0.102	0.115	0.139	0.147	0.157	0.156	0.162	0.162	0.156	0.147	0.108	0.122	0.136	0.192	0.209	0.236	0.241	0.24	0.239	0.224	0.194	0.136	0.188	0.111	0.119	0.124	0.118	0.126	0.124	0.124	0.117	0.102	0.118	0.16	0.187	0.194	0.215	0.219	0.176	0.19	0.176	0.114	0.162	0.172	0.183	0.195	0.202	0.2	0.204	0.201	0.176	0.123	0.159	0.127	0.13	0.137	0.146	0.138	0.139	0.136	0.127	0.115	0.127	0.125	0.132	0.136	0.149	0.131	0.132	0.127	0.127	0.117	0.115	0.115	0.123	0.124	0.124	0.125	0.123	0.123	0.116	0.108	0.124
R23	0.239	0.381	0.642	0.637	0.652	0.665	0.645	0.586	0.208	0.599	0.122	0.128	0.131	0.135	0.135	0.13	0.129	0.122	0.101	0.116	0.143	0.153	0.163	0.164	0.169	0.168	0.162	0.151	0.108	0.126	0.14	0.204	0.225	0.251	0.251	0.257	0.252	0.237	0.205	0.14	0.199	0.111	0.12	0.125	0.118	0.126	0.125	0.126	0.117	0.101	0.119	0.167	0.195	0.203	0.228	0.233	0.186	0.201	0.185	0.114	0.168	0.179	0.191	0.204	0.213	0.211	0.215	0.211	0.184	0.124	0.163	0.129	0.132	0.139	0.149	0.141	0.142	0.139	0.129	0.115	0.129	0.125	0.133	0.136	0.154	0.133	0.134	0.129	0.128	0.117	0.116	0.116	0.124	0.126	0.125	0.127	0.124	0.124	0.117	0.108	0.125
R24	0.256	0.427	0.708	0.682	0.693	0.752	0.685	0.635	0.219	0.637	0.124	0.131	0.134	0.139	0.138	0.131	0.129	0.123	0.103	0.119	0.149	0.16	0.17	0.169	0.174	0.174	0.167	0.155	0.109	0.13	0.146	0.216	0.239	0.266	0.267	0.27	0.274	0.254	0.217	0.145	0.212	0.112	0.121	0.127	0.12	0.128	0.127	0.127	0.119	0.102	0.121	0.174	0.204	0.214	0.241	0.246	0.197	0.214	0.194	0.114	0.174	0.187	0.201	0.216	0.226	0.224	0.229	0.223	0.193	0.125	0.17	0.131	0.135	0.143	0.152	0.144	0.146	0.143	0.132	0.115	0.132	0.126	0.135	0.139	0.159	0.137	0.137	0.132	0.13	0.119	0.117	0.117	0.126	0.128	0.127	0.129	0.127	0.126	0.118	0.108	0.128
R25	0.275	0.465	0.73	0.747	0.721	0.741	0.728	0.703	0.224	0.674	0.125	0.133	0.138	0.14	0.14	0.131	0.128	0.122	0.103	0.12	0.154	0.163	0.174	0.174	0.177	0.179	0.171	0.158	0.109	0.134	0.152	0.227	0.256	0.285	0.286	0.289	0.305	0.269	0.233	0.152	0.226	0.113	0.122	0.129	0.122	0.131	0.129	0.129	0.12	0.102	0.122	0.182	0.214	0.225	0.258	0.262	0.209	0.227	0.205	0.114	0.182	0.195	0.21	0.227	0.239	0.238	0.243	0.236	0.202	0.124	0.174	0.133	0.137	0.146	0.156	0.147	0.149	0.146	0.135	0.115	0.134	0.129	0.14	0.145	0.165	0.141	0.142	0.135	0.133	0.119	0.118	0.119	0.127	0.13	0.129	0.13	0.128	0.128	0.12	0.108	0.129
R26	0.303	0.519	0.71	0.73	0.703	0.713	0.701	0.697	0.237	0.686	0.122	0.136	0.141	0.141	0.141	0.132	0.13	0.123	0.103	0.122	0.159	0.168	0.181	0.179	0.182	0.183	0.179	0.163	0.11	0.138	0.158	0.24	0.276	0.302	0.308	0.307	0.308	0.285	0.244	0.159	0.242	0.114	0.123	0.131	0.123	0.132	0.131	0.131	0.122	0.103	0.124	0.19	0.224	0.237	0.272	0.277	0.221	0.241	0.216	0.114	0.189	0.205	0.22	0.24	0.253	0.253	0.258	0.251	0.213	0.126	0.182	0.135	0.14	0.149	0.159	0.151	0.153	0.15	0.138	0.113	0.136	0.13	0.143	0.151	0.172	0.147	0.146	0.139	0.136	0.118	0.119	0.12	0.128	0.132	0.131	0.132	0.131	0.13	0.121	0.109	0.131
R27	0.327	0.554	0.703	0.716	0.699	0.706	0.692	0.679	0.255	0.67	0.124	0.138	0.144	0.143	0.143	0.134	0.131	0.124	0.103	0.125	0.165	0.172	0.183	0.18	0.185	0.189	0.183	0.165	0.11	0.142	0.167	0.255	0.287	0.32	0.322	0.325	0.323	0.301	0.256	0.164	0.258	0.115	0.125	0.133	0.125	0.134	0.132	0.133	0.123	0.102	0.126	0.199	0.235	0.252	0.291	0.297	0.237	0.258	0.228	0.115	0.197	0.215	0.231	0.254	0.27	0.268	0.274	0.265	0.224	0.126	0.19	0.138	0.142	0.153	0.163	0.155	0.157	0.154	0.141	0.113	0.138	0.133	0.148	0.157	0.181	0.152	0.151	0.143	0.139	0.119	0.121	0.121	0.129	0.134	0.133	0.135	0.132	0.132	0.123	0.109	0.133
R28	0.347	0.591	0.699	0.704	0.683	0.698	0.689	0.67	0.263	0.659	0.124	0.139	0.145	0.144	0.143	0.135	0.132	0.124	0.103	0.127	0.171	0.184	0.186	0.182	0.188	0.188	0.188	0.166	0.112	0.148	0.174	0.268	0.302	0.336	0.34	0.344	0.344	0.32	0.273	0.172	0.275	0.116	0.126	0.135	0.128	0.137	0.135	0.135	0.125	0.103	0.128	0.209	0.247	0.266	0.309	0.316	0.254	0.277	0.241	0.115	0.206	0.225	0.243	0.269	0.287	0.285	0.291	0.282	0.237	0.127	0.198	0.141	0.145	0.157	0.168	0.159	0.161	0.158	0.144	0.113	0.14	0.135	0.153	0.164	0.189	0.159	0.156	0.148	0.142	0.119	0.122	0.123	0.132	0.136	0.136	0.137	0.135	0.135	0.125	0.11	0.136
R29	0.377	0.627	0.695	0.693	0.68	0.697	0.686	0.664	0.275	0.647	0.123	0.139	0.145	0.144	0.143	0.136	0.133	0.125	0.103	0.129	0.177	0.185	0.189	0.182	0.189	0.192	0.19	0.17	0.112	0.155	0.183	0.282	0.315	0.355	0.364	0.367	0.388	0.335	0.29	0.179	0.294	0.117	0.128	0.137	0.129	0.139	0.137	0.138	0.126	0.103	0.131	0.219	0.26	0.286	0.33	0.337	0.271	0.295	0.256	0.115	0.216	0.235	0.255	0.285	0.303	0.304	0.309	0.299	0.249	0.128	0.206	0.143	0.147	0.16	0.171	0.162	0.166	0.162	0.148	0.113	0.142	0.134	0.158	0.171	0.197	0.166	0.162	0.152	0.146	0.119	0.123	0.124	0.133	0.139	0.139	0.14	0.137	0.137	0.126	0.11	0.138
R30	0.397	0.667	0.691	0.68	0.678	0.696	0.682	0.661	0.282	0.645	0.126	0.141	0.148	0.145	0.145	0.138	0.135	0.126	0.104	0.13	0.184	0.186	0.19	0.185	0.19	0.196	0.193	0.173	0.114	0.159	0.193	0.293	0.328	0.374	0.388	0.392	0.39	0.351	0.306	0.187	0.314	0.117	0.129	0.139	0.131	0.141	0.139	0.14	0.128	0.103	0.132	0.228	0.274	0.3	0.349	0.357	0.288	0.313	0.27	0.115	0.226	0.248	0.27	0.303	0.321	0.322	0.327	0.318	0.264	0.13	0.217	0.145	0.15	0.165	0.176	0.166	0.17	0.167	0.151	0.113	0.145	0.137	0.164	0.18	0.206	0.176	0.17	0.16	0.15	0.121	0.125	0.125	0.134	0.141	0.141	0.142	0.14	0.139	0.128	0.11	0.14
R31	0.425	0.674	0.691	0.675	0.675	0.694	0.683	0.657	0.302	0.644	0.124	0.139	0.147	0.146	0.146	0.14	0.137	0.127	0.104	0.133	0.188	0.189	0.193	0.185	0.19	0.192	0.194	0.174	0.115	0.166	0.203	0.308	0.345	0.401	0.407	0.413	0.411	0.37	0.318	0.194	0.333	0.118	0.13	0.141	0.133	0.143	0.142	0.142	0.13	0.103	0.134	0.24	0.289	0.317	0.369	0.376	0.306	0.331	0.286	0.116	0.236	0.26	0.284	0.319	0.339	0.341	0.341	0.335	0.277	0.13	0.226	0.148	0.153	0.168	0.18	0.17	0.175	0.172	0.155	0.113	0.147	0.14	0.172	0.19	0.215	0.187	0.179	0.167	0.156	0.12	0.127	0.126	0.135	0.143	0.143	0.144	0.142	0.141	0.129	0.11	0.142
R32	0.448	0.649	0.686	0.673	0.669	0.691	0.681	0.655	0.319	0.644	0.127	0.141	0.149	0.146	0.146	0.141	0.138	0.129	0.104	0.134	0.193	0.191	0.194	0.185	0.191	0.193	0.195	0.178	0.117	0.173	0.212	0.314	0.353	0.419	0.426	0.431	0.432	0.396	0.337	0.203	0.355	0.119	0.131	0.144	0.136	0.146	0.145	0.145	0.132	0.103	0.136	0.249	0.3	0.332	0.387	0.396	0.32	0.349	0.301	0.116	0.249	0.273	0.299	0.338	0.357	0.359	0.364	0.354	0.295	0.133	0.238	0.151	0.156	0.173	0.186	0.176	0.18	0.178	0.159	0.113	0.15	0.142	0.18	0.2	0.225	0.198	0.189	0.175	0.163	0.119	0.129	0.127	0.137	0.146	0.145	0.147	0.145	0.144	0.132	0.111	0.144
R33	0.466	0.641	0.686	0.672	0.665	0.69	0.681	0.655	0.331	0.65	0.127	0.141	0.149	0.148	0.148	0.143	0.14	0.131	0.105	0.138	0.198	0.193	0.195	0.186	0.191	0.196	0.196	0.18	0.119	0.181	0.221	0.324	0.36	0.435	0.439	0.444	0.442	0.407	0.355	0.209	0.373	0.12	0.132	0.146	0.138	0.149	0.148	0.147	0.134	0.104	0.138	0.259	0.31	0.349	0.406	0.415	0.335	0.367	0.321	0.117	0.262	0.286	0.315	0.357	0.377	0.379	0.383	0.374	0.31	0.134	0.248	0.154	0.158	0.177	0.189	0.18	0.186	0.184	0.164	0.113	0.153	0.148	0.193	0.214	0.238	0.213	0.204	0.187	0.169	0.118	0.131	0.128	0.138	0.148	0.148	0.149	0.147	0.146	0.133	0.111	0.147
R34	0.484	0.635	0.685	0.67	0.662	0.688	0.681	0.654	0.339	0.653	0.129	0.143	0.153	0.152	0.152	0.147	0.143	0.133	0.105	0.14	0.2	0.192	0.195	0.187	0.192	0.2	0.199	0.183	0.121	0.185	0.227	0.328	0.365	0.442	0.447	0.452	0.451	0.421	0.378	0.221	0.394	0.121	0.134	0.149	0.141	0.152	0.15	0.15	0.136	0.104	0.141	0.273	0.328	0.371	0.428	0.435	0.357	0.386	0.34	0.117	0.272	0.299	0.328	0.377	0.395	0.402	0.401	0.396	0.329	0.137	0.262	0.158	0.161	0.181	0.195	0.185	0.192	0.19	0.169	0.114	0.155	0.151	0.201	0.224	0.249	0.225	0.215	0.197	0.177	0.118	0.133	0.13	0.14	0.151	0.151	0.152	0.15	0.149	0.135	0.111	0.149
R35	0.5	0.633	0.685	0.671	0.662	0.69	0.681	0.652	0.351	0.652	0.129	0.145	0.158	0.158	0.159	0.154	0.148	0.136	0.106	0.143	0.203	0.192	0.196	0.19	0.193	0.204	0.198	0.187	0.123	0.189	0.232	0.333	0.375	0.448	0.451	0.453	0.455	0.429	0.398	0.228	0.412	0.122	0.135	0.152	0.143	0.154	0.153	0.152	0.138	0.104	0.143	0.283	0.339	0.389	0.445	0.452	0.374	0.405	0.359	0.118	0.285	0.31	0.339	0.396	0.417	0.418	0.418	0.411	0.348	0.138	0.273	0.162	0.164	0.186	0.199	0.19	0.199	0.196	0.175	0.114	0.158	0.156	0.213	0.237	0.263	0.239	0.232	0.21	0.187	0.117	0.136	0.131	0.141	0.154	0.154	0.154	0.152	0.152	0.137	0.111	0.152
R36	0.513	0.631	0.683	0.671	0.661	0.686	0.679	0.653	0.359	0.651	0.129	0.145	0.161	0.161	0.162	0.157	0.151	0.138	0.106	0.145	0.206	0.194	0.196	0.191	0.192	0.199	0.196	0.189	0.126	0.195	0.237	0.338	0.384	0.451	0.448	0.448	0.451	0.43	0.408	0.234	0.425	0.124	0.138	0.156	0.146	0.16	0.157	0.155	0.14	0.104	0.146	0.294	0.349	0.408	0.459	0.467	0.392	0.424	0.375	0.118	0.298	0.324	0.354	0.417	0.434	0.436	0.438	0.432	0.365	0.14	0.286	0.165	0.167	0.191	0.205	0.195	0.205	0.202	0.179	0.114	0.161	0.162	0.225	0.252	0.279	0.254	0.25	0.224	0.197	0.117	0.14	0.132	0.142	0.156	0.156	0.157	0.155	0.154	0.139	0.112	0.154
R37	0.524	0.626	0.682	0.671	0.66	0.684	0.677	0.651	0.371	0.65	0.133	0.148	0.163	0.162	0.162	0.157	0.152	0.14	0.107	0.147	0.208	0.192	0.193	0.187	0.19	0.198	0.197	0.193	0.128	0.198	0.243	0.344	0.392	0.449	0.443	0.443	0.444	0.424	0.414	0.24	0.431	0.124	0.139	0.158	0.148	0.162	0.159	0.158	0.143	0.104	0.147	0.301	0.356	0.421	0.467	0.472	0.409	0.441	0.395	0.118	0.316	0.333	0.364	0.43	0.448	0.449	0.455	0.449	0.381	0.144	0.301	0.169	0.171	0.195	0.21	0.2	0.211	0.207	0.183	0.114	0.165	0.169	0.234	0.265	0.294	0.268	0.264	0.238	0.207	0.115	0.142	0.133	0.144	0.16	0.16	0.161	0.158	0.157	0.141	0.112	0.157
R38	0.532	0.629	0.682	0.674	0.663	0.686	0.677	0.65	0.378	0.649	0.134	0.151	0.169	0.169	0.17	0.164	0.157	0.143	0.107	0.15	0.206	0.188	0.192	0.185	0.188	0.197	0.197	0.193	0.131	0.202	0.246	0.348	0.396	0.442	0.438	0.437	0.439	0.418	0.423	0.246	0.43	0.125	0.14	0.16	0.151	0.166	0.163	0.162	0.145	0.104	0.151	0.314	0.368	0.44	0.467	0.471	0.428	0.459	0.406	0.119	0.33	0.344	0.373	0.442	0.453	0.455	0.464	0.463	0.403	0.148	0.318	0.172	0.173	0.2	0.214	0.207	0.217	0.208	0.182	0.115	0.167	0.179	0.248	0.284	0.315	0.283	0.28	0.255	0.219	0.115	0.146	0.134	0.145	0.163	0.163	0.164	0.161	0.16	0.144	0.112	0.159
R39	0.548	0.628	0.683	0.678	0.665	0.686	0.679	0.651	0.392	0.65	0.137	0.153	0.171	0.171	0.172	0.166	0.159	0.145	0.108	0.153	0.207	0.19	0.193	0.185	0.187	0.196	0.198	0.195	0.135	0.206	0.247	0.351	0.398	0.437	0.433	0.432	0.435	0.414	0.43	0.252	0.422	0.126	0.144	0.168	0.155	0.174	0.168	0.166	0.148	0.105	0.153	0.328	0.379	0.454	0.464	0.465	0.445	0.462	0.415	0.12	0.341	0.351	0.38	0.45	0.45	0.452	0.463	0.465	0.41	0.153	0.332	0.176	0.178	0.205	0.222	0.215	0.224	0.213	0.185	0.115	0.171	0.185	0.259	0.301	0.337	0.301	0.294	0.269	0.23	0.116	0.151	0.136	0.148	0.168	0.167	0.169	0.165	0.164	0.146	0.113	0.162
R40	0.531	0.628	0.679	0.672	0.659	0.679	0.675	0.65	0.395	0.649	0.138	0.156	0.178	0.179	0.181	0.175	0.167	0.15	0.108	0.156	0.207	0.19	0.193	0.184	0.187	0.195	0.195	0.19	0.139	0.208	0.252	0.359	0.404	0.429	0.428	0.427	0.428	0.405	0.427	0.254	0.41	0.127	0.146	0.174	0.159	0.181	0.174	0.172	0.151	0.105	0.156	0.331	0.38	0.45	0.454	0.458	0.45	0.46	0.421	0.121	0.367	0.36	0.386	0.449	0.444	0.448	0.458	0.46	0.421	0.157	0.347	0.179	0.182	0.211	0.229	0.224	0.229	0.216	0.186	0.116	0.175	0.2	0.274	0.321	0.361	0.32	0.308	0.283	0.242	0.116	0.156	0.137	0.149	0.171	0.17	0.173	0.169	0.168	0.149	0.113	0.166
R41	0.56	0.627	0.678	0.674	0.663	0.682	0.674	0.647	0.403	0.648	0.138	0.155	0.178	0.18	0.18	0.175	0.167	0.15	0.108	0.158	0.206	0.19	0.194	0.184	0.187	0.194	0.196	0.191	0.144	0.211	0.255	0.367	0.408	0.424	0.426	0.426	0.426	0.4	0.421	0.256	0.402	0.128	0.147	0.178	0.164	0.188	0.181	0.177	0.155	0.105	0.16	0.339	0.385	0.445	0.445	0.449	0.448	0.453	0.421	0.122	0.388	0.365	0.39	0.444	0.437	0.44	0.451	0.455	0.429	0.163	0.372	0.183	0.186	0.215	0.235	0.231	0.234	0.216	0.185	0.117	0.178	0.204	0.283	0.341	0.384	0.343	0.327	0.297	0.253	0.117	0.161	0.138	0.151	0.175	0.174	0.18	0.173	0.172	0.152	0.113	0.17
R42	0.54	0.627	0.681	0.679	0.666	0.681	0.676	0.647	0.405	0.651	0.142	0.162	0.189	0.191	0.192	0.186	0.176	0.156	0.109	0.163	0.208	0.191	0.196	0.185	0.188	0.193	0.196	0.192	0.147	0.217	0.254	0.371	0.41	0.419	0.426	0.424	0.426	0.4	0.417	0.262	0.401	0.129	0.151	0.185	0.17	0.196	0.187	0.183	0.157	0.105	0.163	0.348	0.397	0.441	0.438	0.441	0.443	0.445	0.416	0.124	0.408	0.37	0.398	0.437	0.429	0.432	0.442	0.446	0.427	0.169	0.393	0.185	0.191	0.222	0.242	0.237	0.239	0.22	0.188	0.117	0.184	0.219	0.299	0.369	0.397	0.362	0.346	0.316	0.267	0.118	0.168	0.14	0.153	0.18	0.178	0.182	0.177	0.175	0.154	0.113	0.173
R43	0.53	0.627	0.676	0.676	0.664	0.68	0.672	0.645	0.407	0.647	0.142	0.162	0.191	0.194	0.196	0.19	0.179	0.159	0.109	0.166	0.209	0.191	0.196	0.186	0.189	0.196	0.197	0.191	0.153	0.219	0.258	0.378	0.413	0.415	0.425	0.423	0.424	0.397	0.41	0.265	0.397	0.131	0.155	0.191	0.175	0.202	0.192	0.188	0.16	0.106	0.167	0.349	0.399	0.431	0.43	0.434	0.433	0.437	0.411	0.125	0.424	0.376	0.411	0.432	0.423	0.425	0.436	0.442	0.429	0.176	0.422	0.187	0.195	0.228	0.25	0.247	0.245	0.224	0.191	0.117	0.19	0.232	0.314	0.391	0.401	0.374	0.361	0.334	0.282	0.119	0.176	0.141	0.155	0.185	0.183	0.188	0.183	0.181	0.157	0.114	0.177
R44	0.523	0.627	0.676	0.677	0.664	0.677	0.672	0.644	0.404	0.649	0.144	0.165	0.197	0.199	0.202	0.195	0.183	0.163	0.11	0.17	0.209	0.191	0.198	0.187	0.19	0.197	0.196	0.19	0.157	0.219	0.262	0.384	0.418	0.413	0.422	0.421	0.421	0.394	0.405	0.267	0.394	0.131	0.154	0.192	0.176	0.205	0.194	0.19	0.164	0.107	0.17	0.355	0.412	0.426	0.427	0.43	0.428	0.429	0.403	0.126	0.423	0.377	0.418	0.424	0.417	0.42	0.43	0.434	0.426	0.182	0.434	0.192	0.198	0.233	0.254	0.252	0.248	0.225	0.19	0.118	0.192	0.24	0.321	0.402	0.408	0.379	0.371	0.352	0.304	0.12	0.184	0.143	0.157	0.189	0.188	0.193	0.186	0.184	0.159	0.114	0.179
R45	0.518	0.625	0.673	0.675	0.662	0.674	0.668	0.642	0.407	0.648	0.149	0.17	0.205	0.207	0.209	0.202	0.19	0.167	0.11	0.173	0.209	0.19	0.199	0.189	0.192	0.198	0.197	0.192	0.16	0.221	0.262	0.386	0.42	0.412	0.422	0.427	0.422	0.396	0.404	0.276	0.394	0.134	0.16	0.206	0.188	0.219	0.207	0.202	0.169	0.106	0.175	0.36	0.422	0.42	0.425	0.428	0.424	0.425	0.398	0.129	0.424	0.382	0.422	0.419	0.414	0.416	0.426	0.429	0.423	0.189	0.437	0.194	0.203	0.243	0.264	0.263	0.258	0.233	0.196	0.118	0.201	0.249	0.333	0.409	0.41	0.385	0.378	0.359	0.323	0.122	0.193	0.144	0.161	0.198	0.196	0.204	0.195	0.192	0.164	0.115	0.187
R46	0.514	0.625	0.673	0.676	0.665	0.674	0.668	0.641	0.415	0.65	0.149	0.171	0.208	0.21	0.213	0.207	0.193	0.17	0.111	0.177	0.21	0.195	0.201	0.192	0.194	0.198	0.198	0.192	0.166	0.219	0.267	0.392	0.425	0.41	0.419	0.418	0.418	0.392	0.399	0.272	0.39	0.134	0.16	0.208	0.192	0.225	0.212	0.206	0.171	0.106	0.179	0.358	0.425	0.415	0.42	0.423	0.413	0.418	0.392	0.131	0.417	0.383	0.423	0.413	0.411	0.414	0.422	0.425	0.417	0.197	0.431	0.197	0.206	0.247	0.27	0.268	0.264	0.237	0.2	0.119	0.207	0.258	0.346	0.41	0.413	0.389	0.385	0.367	0.339	0.124	0.203	0.146	0.163	0.204	0.201	0.207	0.2	0.196	0.166	0.115	0.191
R47	0.512	0.625	0.673	0.676	0.667	0.674	0.666	0.64	0.419	0.651	0.15	0.174	0.215	0.218	0.222	0.214	0.201	0.176	0.111	0.183	0.21	0.19	0.2	0.191	0.193	0.2	0.2	0.193	0.171	0.216	0.266	0.393	0.425	0.408	0.419	0.417	0.42	0.392	0.4	0.279	0.392	0.135	0.164	0.219	0.203	0.238	0.227	0.221	0.18	0.106	0.188	0.362	0.428	0.411	0.419	0.421	0.412	0.416	0.391	0.133	0.414	0.39	0.428	0.41	0.408	0.412	0.419	0.422	0.412	0.202	0.43	0.201	0.208	0.25	0.274	0.273	0.269	0.242	0.203	0.12	0.212	0.268	0.351	0.408	0.414	0.389	0.391	0.378	0.351	0.126	0.215	0.148	0.168	0.212	0.211	0.217	0.208	0.204	0.171	0.115	0.197
R48	0.524	0.623	0.67	0.673	0.669	0.672	0.665	0.638	0.428	0.648	0.154	0.177	0.22	0.222	0.227	0.219	0.204	0.178	0.111	0.185	0.21	0.191	0.201	0.192	0.194	0.201	0.2	0.193	0.175	0.216	0.269	0.397	0.428	0.406	0.417	0.416	0.417	0.39	0.398	0.279	0.389	0.136	0.166	0.222	0.207	0.243	0.229	0.222	0.181	0.106	0.187	0.366	0.429	0.409	0.418	0.42	0.411	0.416	0.39	0.136	0.415	0.393	0.431	0.408	0.407	0.411	0.418	0.421	0.409	0.208	0.426	0.204	0.212	0.257	0.281	0.281	0.276	0.249	0.208	0.12	0.22	0.276	0.357	0.406	0.413	0.388	0.39	0.38	0.356	0.129	0.228	0.15	0.173	0.221	0.22	0.227	0.217	0.21	0.175	0.115	0.203
R49	0.51	0.625	0.67	0.674	0.664	0.668	0.659	0.638	0.433	0.652	0.151	0.177	0.225	0.23	0.235	0.228	0.212	0.186	0.112	0.195	0.211	0.192	0.202	0.193	0.195	0.201	0.201	0.194	0.178	0.214	0.27	0.401	0.427	0.405	0.415	0.415	0.415	0.388	0.396	0.283	0.388	0.138	0.17	0.232	0.216	0.255	0.241	0.233	0.187	0.107	0.194	0.37	0.433	0.407	0.416	0.418	0.409	0.413	0.389	0.139	0.415	0.399	0.432	0.407	0.406	0.409	0.416	0.419	0.408	0.215	0.423	0.209	0.214	0.262	0.282	0.286	0.279	0.252	0.21	0.12	0.225	0.284	0.365	0.404	0.414	0.388	0.39	0.383	0.364	0.133	0.245	0.151	0.174	0.228	0.227	0.234	0.223	0.218	0.18	0.116	0.211
R50	0.512	0.624	0.667	0.672	0.669	0.669	0.664	0.634	0.439	0.647	0.156	0.182	0.233	0.236	0.244	0.236	0.218	0.19	0.112	0.199	0.211	0.193	0.202	0.193	0.195	0.202	0.201	0.195	0.185	0.213	0.27	0.405	0.422	0.404	0.414	0.413	0.413	0.387	0.395	0.287	0.387	0.142	0.176	0.243	0.227	0.271	0.253	0.244	0.195	0.108	0.2	0.369	0.427	0.405	0.412	0.415	0.405	0.41	0.387	0.142	0.412	0.406	0.433	0.407	0.405	0.408	0.414	0.418	0.407	0.222	0.421	0.213	0.217	0.269	0.289	0.294	0.288	0.26	0.216	0.121	0.234	0.3	0.377	0.403	0.411	0.388	0.388	0.38	0.365	0.135	0.268	0.154	0.179	0.236	0.235	0.244	0.232	0.224	0.185	0.116	0.215
R51	0.539	0.62	0.67	0.677	0.673	0.668	0.659	0.634	0.442	0.655	0.159	0.188	0.245	0.249	0.256	0.248	0.229	0.198	0.112	0.209	0.211	0.194	0.202	0.194	0.195	0.201	0.201	0.196	0.185	0.214	0.269	0.406	0.415	0.403	0.414	0.412	0.415	0.388	0.396	0.291	0.391	0.141	0.176	0.249	0.237	0.286	0.268	0.259	0.204	0.107	0.21	0.382	0.425	0.404	0.413	0.415	0.407	0.41	0.387	0.145	0.407	0.412	0.424	0.405	0.402	0.407	0.411	0.414	0.404	0.23	0.412	0.217	0.22	0.272	0.294	0.301	0.296	0.267	0.22	0.122	0.24	0.305	0.38	0.401	0.412	0.389	0.389	0.381	0.367	0.14	0.291	0.156	0.183	0.245	0.244	0.253	0.24	0.233	0.19	0.116	0.223
R52	0.51	0.621	0.663	0.67	0.665	0.664	0.66	0.632	0.441	0.647	0.163	0.19	0.247	0.251	0.258	0.25	0.23	0.198	0.113	0.209	0.213	0.197	0.202	0.195	0.195	0.202	0.201	0.195	0.19	0.212	0.27	0.41	0.412	0.401	0.411	0.411	0.412	0.386	0.393	0.292	0.389	0.143	0.179	0.256	0.242	0.305	0.281	0.264	0.209	0.108	0.212	0.387	0.421	0.403	0.412	0.414	0.406	0.41	0.386	0.149	0.397	0.419	0.42	0.4	0.401	0.405	0.41	0.413	0.403	0.237	0.412	0.221	0.223	0.277	0.299	0.306	0.302	0.274	0.225	0.123	0.248	0.312	0.385	0.4	0.411	0.388	0.389	0.382	0.367	0.144	0.307	0.157	0.184	0.246	0.246	0.255	0.241	0.233	0.19	0.117	0.223
R53	0.505	0.619	0.664	0.673	0.671	0.665	0.661	0.63	0.448	0.648	0.168	0.199	0.265	0.269	0.277	0.269	0.247	0.212	0.113	0.222	0.212	0.195	0.199	0.193	0.194	0.201	0.201	0.196	0.194	0.212	0.269	0.414	0.409	0.399	0.41	0.409	0.409	0.383	0.391	0.294	0.386	0.145	0.182	0.265	0.251	0.324	0.305	0.278	0.214	0.108	0.217	0.39	0.416	0.401	0.409	0.412	0.403	0.407	0.384	0.152	0.392	0.422	0.415	0.401	0.401	0.404	0.409	0.412	0.403	0.242	0.416	0.226	0.226	0.282	0.305	0.313	0.31	0.282	0.231	0.123	0.257	0.332	0.395	0.4	0.41	0.387	0.39	0.383	0.368	0.148	0.324	0.161	0.193	0.264	0.264	0.274	0.26	0.251	0.204	0.117	0.241
R54	0.528	0.619	0.663	0.672	0.67	0.662	0.657	0.63	0.428	0.65	0.17	0.203	0.275	0.28	0.288	0.28	0.255	0.218	0.113	0.231	0.212	0.197	0.199	0.193	0.194	0.2	0.199	0.197	0.196	0.216	0.269	0.416	0.404	0.397	0.407	0.407	0.408	0.382	0.39	0.293	0.385	0.152	0.193	0.284	0.275	0.332	0.324	0.307	0.234	0.108	0.234	0.396	0.411	0.399	0.407	0.409	0.402	0.404	0.382	0.156	0.385	0.424	0.409	0.399	0.398	0.402	0.406	0.409	0.399	0.25	0.409	0.232	0.227	0.282	0.306	0.315	0.313	0.285	0.232	0.124	0.259	0.336	0.394	0.399	0.409	0.385	0.391	0.385	0.37	0.153	0.336	0.164	0.195	0.27	0.272	0.281	0.265	0.255	0.206	0.117	0.242
R55	0.53	0.618	0.661	0.67	0.671	0.661	0.657	0.628	0.423	0.648	0.172	0.206	0.28	0.286	0.294	0.286	0.26	0.222	0.114	0.236	0.214	0.2	0.198	0.192	0.193	0.199	0.199	0.197	0.198	0.214	0.269	0.418	0.4	0.396	0.406	0.406	0.406	0.38	0.388	0.3	0.384	0.15	0.192	0.29	0.292	0.333	0.326	0.319	0.247	0.108	0.242	0.403	0.406	0.398	0.406	0.409	0.401	0.404	0.382	0.16	0.385	0.427	0.406	0.398	0.397	0.4	0.405	0.409	0.4	0.254	0.411	0.236	0.23	0.287	0.315	0.325	0.325	0.296	0.239	0.124	0.269	0.34	0.393	0.399	0.41	0.383	0.39	0.385	0.371	0.158	0.343	0.168	0.201	0.28	0.282	0.293	0.275	0.264	0.213	0.118	0.251
R56	0.501	0.617	0.661	0.672	0.671	0.661	0.653	0.626	0.424	0.649	0.175	0.211	0.291	0.298	0.308	0.3	0.271	0.23	0.114	0.245	0.214	0.199	0.196	0.192	0.192	0.198	0.198	0.197	0.198	0.213	0.269	0.419	0.395	0.395	0.405	0.404	0.405	0.379	0.387	0.303	0.385	0.155	0.198	0.303	0.309	0.331	0.326	0.324	0.255	0.11	0.245	0.409	0.402	0.397	0.405	0.407	0.4	0.402	0.381	0.163	0.378	0.429	0.401	0.396	0.396	0.399	0.403	0.407	0.398	0.26	0.404	0.24	0.235	0.292	0.323	0.333	0.331	0.302	0.244	0.126	0.275	0.345	0.395	0.398	0.409	0.383	0.39	0.386	0.371	0.162	0.349	0.17	0.206	0.29	0.292	0.303	0.284	0.274	0.221	0.118	0.261
R57	0.5	0.618	0.657	0.667	0.668	0.658	0.652	0.625	0.421	0.646	0.178	0.213	0.295	0.301	0.313	0.304	0.274	0.231	0.115	0.248	0.215	0.2	0.194	0.19	0.19	0.198	0.197	0.196	0.199	0.214	0.269	0.418	0.389	0.394	0.405	0.404	0.405	0.38	0.387	0.308	0.388	0.156	0.2	0.313	0.317	0.328	0.324	0.326	0.276	0.11	0.256	0.41	0.396	0.394	0.402	0.405	0.397	0.4	0.379	0.167	0.38	0.432	0.397	0.396	0.394	0.397	0.402	0.406	0.397	0.264	0.404	0.243	0.24	0.3	0.336	0.344	0.342	0.313	0.252	0.124	0.285	0.352	0.397	0.398	0.409	0.382	0.388	0.386	0.371	0.167	0.354	0.172	0.208	0.295	0.299	0.312	0.292	0.281	0.227	0.119	0.266
R58	0.499	0.621	0.655	0.667	0.666	0.655	0.647	0.624	0.419	0.646	0.175	0.211	0.296	0.305	0.318	0.311	0.281	0.237	0.115	0.254	0.216	0.201	0.192	0.189	0.188	0.196	0.196	0.196	0.202	0.211	0.27	0.418	0.385	0.393	0.403	0.402	0.404	0.378	0.385	0.314	0.387	0.158	0.207	0.323	0.326	0.324	0.324	0.326	0.304	0.109	0.275	0.419	0.396	0.395	0.402	0.403	0.397	0.398	0.377	0.17	0.369	0.431	0.392	0.393	0.392	0.396	0.399	0.403	0.395	0.269	0.396	0.246	0.241	0.31	0.342	0.349	0.352	0.323	0.258	0.127	0.295	0.353	0.396	0.396	0.408	0.381	0.386	0.385	0.371	0.171	0.357	0.175	0.214	0.311	0.315	0.328	0.309	0.296	0.239	0.119	0.282
R59	0.5	0.612	0.655	0.665	0.67	0.654	0.648	0.622	0.416	0.645	0.184	0.222	0.314	0.322	0.337	0.332	0.298	0.25	0.115	0.268	0.217	0.203	0.191	0.187	0.187	0.194	0.195	0.195	0.2	0.21	0.27	0.416	0.382	0.391	0.401	0.4	0.402	0.376	0.383	0.315	0.384	0.162	0.211	0.327	0.324	0.325	0.322	0.324	0.307	0.11	0.285	0.42	0.394	0.394	0.399	0.402	0.394	0.396	0.375	0.172	0.364	0.431	0.39	0.393	0.392	0.394	0.399	0.403	0.395	0.272	0.4	0.25	0.24	0.317	0.343	0.35	0.362	0.337	0.264	0.126	0.304	0.354	0.395	0.394	0.407	0.38	0.386	0.384	0.371	0.177	0.36	0.18	0.22	0.32	0.325	0.338	0.317	0.305	0.243	0.119	0.287
R60	0.519	0.61	0.654	0.663	0.67	0.653	0.647	0.622	0.416	0.645	0.185	0.222	0.318	0.33	0.345	0.34	0.303	0.253	0.116	0.274	0.218	0.206	0.191	0.187	0.186	0.192	0.193	0.194	0.202	0.21	0.27	0.414	0.379	0.39	0.399	0.399	0.4	0.376	0.382	0.316	0.384	0.165	0.217	0.328	0.323	0.322	0.322	0.323	0.314	0.109	0.293	0.421	0.389	0.391	0.398	0.401	0.394	0.396	0.376	0.176	0.371	0.426	0.386	0.391	0.39	0.393	0.397	0.401	0.392	0.276	0.39	0.253	0.242	0.321	0.345	0.35	0.361	0.349	0.272	0.129	0.316	0.355	0.395	0.393	0.407	0.379	0.385	0.384	0.372	0.182	0.364	0.18	0.221	0.33	0.336	0.35	0.328	0.318	0.252	0.119	0.298
R61	0.504	0.607	0.65	0.66	0.662	0.649	0.644	0.621	0.416	0.642	0.19	0.227	0.325	0.339	0.354	0.35	0.311	0.257	0.116	0.278	0.218	0.204	0.19	0.186	0.185	0.191	0.191	0.193	0.202	0.21	0.273	0.41	0.376	0.389	0.399	0.398	0.4	0.374	0.381	0.317	0.386	0.164	0.217	0.322	0.319	0.321	0.318	0.32	0.31	0.11	0.299	0.421	0.388	0.39	0.397	0.401	0.393	0.395	0.375	0.179	0.372	0.423	0.386	0.391	0.39	0.392	0.396	0.4	0.393	0.277	0.393	0.257	0.243	0.321	0.343	0.349	0.36	0.351	0.277	0.127	0.323	0.361	0.398	0.391	0.407	0.379	0.383	0.383	0.373	0.186	0.369	0.187	0.23	0.342	0.348	0.362	0.337	0.327	0.257	0.12	0.303
R62	0.488	0.601	0.65	0.662	0.666	0.647	0.642	0.617	0.414	0.639	0.19	0.229	0.338	0.348	0.361	0.366	0.33	0.269	0.117	0.29	0.219	0.205	0.188	0.184	0.184	0.191	0.191	0.192	0.203	0.207	0.275	0.407	0.375	0.388	0.397	0.397	0.398	0.374	0.38	0.321	0.384	0.174	0.23	0.32	0.319	0.32	0.318	0.319	0.313	0.111	0.306	0.417	0.386	0.389	0.395	0.398	0.391	0.393	0.374	0.182	0.374	0.42	0.384	0.389	0.388	0.391	0.394	0.398	0.39	0.28	0.386	0.258	0.249	0.325	0.342	0.344	0.355	0.354	0.294	0.13	0.339	0.36	0.395	0.388	0.406	0.379	0.383	0.382	0.372	0.188	0.366	0.19	0.236	0.355	0.36	0.375	0.351	0.339	0.266	0.12	0.314
R63	0.488	0.603	0.649	0.66	0.669	0.649	0.644	0.617	0.414	0.636	0.195	0.235	0.346	0.349	0.36	0.367	0.343	0.275	0.117	0.301	0.22	0.205	0.187	0.183	0.182	0.19	0.19	0.191	0.203	0.205	0.279	0.405	0.373	0.387	0.396	0.396	0.397	0.373	0.379	0.324	0.383	0.175	0.233	0.317	0.317	0.32	0.318	0.317	0.315	0.111	0.308	0.415	0.386	0.389	0.394	0.398	0.39	0.392	0.373	0.184	0.368	0.415	0.382	0.388	0.388	0.391	0.394	0.397	0.388	0.285	0.381	0.263	0.251	0.32	0.337	0.338	0.348	0.349	0.305	0.131	0.335	0.361	0.394	0.387	0.406	0.379	0.382	0.381	0.374	0.195	0.369	0.19	0.238	0.365	0.364	0.378	0.364	0.354	0.277	0.123	0.328
R64	0.486	0.603	0.647	0.66	0.664	0.644	0.641	0.617	0.415	0.633	0.196	0.236	0.341	0.342	0.352	0.361	0.347	0.278	0.117	0.307	0.22	0.207	0.187	0.182	0.181	0.188	0.188	0.19	0.204	0.204	0.284	0.4	0.371	0.386	0.395	0.396	0.398	0.374	0.38	0.329	0.388	0.18	0.24	0.314	0.314	0.32	0.317	0.318	0.309	0.111	0.305	0.41	0.386	0.388	0.393	0.396	0.388	0.39	0.371	0.186	0.363	0.412	0.382	0.388	0.387	0.389	0.393	0.396	0.387	0.287	0.382	0.263	0.252	0.316	0.332	0.332	0.341	0.343	0.316	0.128	0.332	0.365	0.393	0.385	0.404	0.377	0.38	0.38	0.374	0.197	0.372	0.198	0.246	0.367	0.364	0.373	0.368	0.364	0.285	0.121	0.337
METADATA	Category	Property	Unit	Value																																																																																																	
R1	TimeSeries	Time	hours	0																																																																																																	
R2	TimeSeries	Time	hours	0.333333333																																																																																																	
R3	TimeSeries	Time	hours	0.666666667																																																																																																	
R4	TimeSeries	Time	hours	1																																																																																																	
R5	TimeSeries	Time	hours	1.333333333																																																																																																	
R6	TimeSeries	Time	hours	1.666666667																																																																																																	
R7	TimeSeries	Time	hours	2																																																																																																	
R8	TimeSeries	Time	hours	2.333333333																																																																																																	
R9	TimeSeries	Time	hours	2.666666667																																																																																																	
R10	TimeSeries	Time	hours	3																																																																																																	
R11	TimeSeries	Time	hours	3.333333333																																																																																																	
R12	TimeSeries	Time	hours	3.666666667																																																																																																	
R13	TimeSeries	Time	hours	4																																																																																																	
R14	TimeSeries	Time	hours	4.333333333																																																																																																	
R15	TimeSeries	Time	hours	4.666666667																																																																																																	
R16	TimeSeries	Time	hours	5																																																																																																	
R17	TimeSeries	Time	hours	5.333333333																																																																																																	
R18	TimeSeries	Time	hours	5.666666667																																																																																																	
R19	TimeSeries	Time	hours	6																																																																																																	
R20	TimeSeries	Time	hours	6.333333333																																																																																																	
R21	TimeSeries	Time	hours	6.666666667																																																																																																	
R22	TimeSeries	Time	hours	7																																																																																																	
R23	TimeSeries	Time	hours	7.333333333																																																																																																	
R24	TimeSeries	Time	hours	7.666666667																																																																																																	
R25	TimeSeries	Time	hours	8																																																																																																	
R26	TimeSeries	Time	hours	8.333333333																																																																																																	
R27	TimeSeries	Time	hours	8.666666667																																																																																																	
R28	TimeSeries	Time	hours	9																																																																																																	
R29	TimeSeries	Time	hours	9.333333333																																																																																																	
R30	TimeSeries	Time	hours	9.666666667																																																																																																	
R31	TimeSeries	Time	hours	10																																																																																																	
R32	TimeSeries	Time	hours	10.33333333																																																																																																	
R33	TimeSeries	Time	hours	10.66666667																																																																																																	
R34	TimeSeries	Time	hours	11																																																																																																	
R35	TimeSeries	Time	hours	11.33333333																																																																																																	
R36	TimeSeries	Time	hours	11.66666667																																																																																																	
R37	TimeSeries	Time	hours	12																																																																																																	
R38	TimeSeries	Time	hours	12.33333333																																																																																																	
R39	TimeSeries	Time	hours	12.66666667																																																																																																	
R40	TimeSeries	Time	hours	13																																																																																																	
R41	TimeSeries	Time	hours	13.33333333																																																																																																	
R42	TimeSeries	Time	hours	13.66666667																																																																																																	
R43	TimeSeries	Time	hours	14																																																																																																	
R44	TimeSeries	Time	hours	14.33333333																																																																																																	
R45	TimeSeries	Time	hours	14.66666667																																																																																																	
R46	TimeSeries	Time	hours	15																																																																																																	
R47	TimeSeries	Time	hours	15.33333333																																																																																																	
R48	TimeSeries	Time	hours	15.66666667																																																																																																	
R49	TimeSeries	Time	hours	16																																																																																																	
R50	TimeSeries	Time	hours	16.33333333																																																																																																	
R51	TimeSeries	Time	hours	16.66666667																																																																																																	
R52	TimeSeries	Time	hours	17																																																																																																	
R53	TimeSeries	Time	hours	17.33333333																																																																																																	
R54	TimeSeries	Time	hours	17.66666667																																																																																																	
R55	TimeSeries	Time	hours	18																																																																																																	
R56	TimeSeries	Time	hours	18.33333333																																																																																																	
R57	TimeSeries	Time	hours	18.66666667																																																																																																	
R58	TimeSeries	Time	hours	19																																																																																																	
R59	TimeSeries	Time	hours	19.33333333																																																																																																	
R60	TimeSeries	Time	hours	19.66666667																																																																																																	
R61	TimeSeries	Time	hours	20																																																																																																	
R62	TimeSeries	Time	hours	20.33333333																																																																																																	
R63	TimeSeries	Time	hours	20.66666667																																																																																																	
R64	TimeSeries	Time	hours	21																																																																																																	
T	Description			Mo and W titration with 100 uM constant of the other metal																																																																																																	
T	Experiment	Innoculation		1/20 of isolate culture grown aerobically with Lactate or Fumarate																																																																																																	
T	Measurement	Values		RawValues																																																																																																	
T	Experiment	Medium		NCS nitrate (20 mM) medium no Mo or W.  C source (20 mM) was added prior to addition to plate																																																																																																	
T	Experiment	Tungstate	uM	100																																																																																																	
C1	Condition	Molybdenum	uM	0																																																																																																	
C2	Condition	Molybdenum	uM	0.05																																																																																																	
C3	Condition	Molybdenum	uM	0.1																																																																																																	
C4	Condition	Molybdenum	uM	0.5																																																																																																	
C5	Condition	Molybdenum	uM	1																																																																																																	
C6	Condition	Molybdenum	uM	5																																																																																																	
C7	Condition	Molybdenum	uM	10																																																																																																	
C8	Condition	Molybdenum	uM	50																																																																																																	
C9	Condition	Molybdenum	uM	100																																																																																																	
C10	Condition	Molybdenum	uM	1000																																																																																																	
C11	Condition	Molybdenum	uM	0																																																																																																	
C12	Condition	Molybdenum	uM	0.05																																																																																																	
C13	Condition	Molybdenum	uM	0.1																																																																																																	
C14	Condition	Molybdenum	uM	0.5																																																																																																	
C15	Condition	Molybdenum	uM	1																																																																																																	
C16	Condition	Molybdenum	uM	5																																																																																																	
C17	Condition	Molybdenum	uM	10																																																																																																	
C18	Condition	Molybdenum	uM	50																																																																																																	
C19	Condition	Molybdenum	uM	100																																																																																																	
C20	Condition	Molybdenum	uM	1000																																																																																																	
C21	Condition	Molybdenum	uM	0																																																																																																	
C22	Condition	Molybdenum	uM	0.05																																																																																																	
C23	Condition	Molybdenum	uM	0.1																																																																																																	
C24	Condition	Molybdenum	uM	0.5																																																																																																	
C25	Condition	Molybdenum	uM	1																																																																																																	
C26	Condition	Molybdenum	uM	5																																																																																																	
C27	Condition	Molybdenum	uM	10																																																																																																	
C28	Condition	Molybdenum	uM	50																																																																																																	
C29	Condition	Molybdenum	uM	100																																																																																																	
C30	Condition	Molybdenum	uM	1000																																																																																																	
C31	Condition	Molybdenum	uM	100																																																																																																	
C32	Condition	Molybdenum	uM	0																																																																																																	
C33	Condition	Molybdenum	uM	0.05																																																																																																	
C34	Condition	Molybdenum	uM	0.1																																																																																																	
C35	Condition	Molybdenum	uM	0.5																																																																																																	
C36	Condition	Molybdenum	uM	1																																																																																																	
C37	Condition	Molybdenum	uM	5																																																																																																	
C38	Condition	Molybdenum	uM	10																																																																																																	
C39	Condition	Molybdenum	uM	50																																																																																																	
C40	Condition	Molybdenum	uM	100																																																																																																	
C41	Condition	Molybdenum	uM	1000																																																																																																	
C42	Condition	Molybdenum	uM	0																																																																																																	
C43	Condition	Molybdenum	uM	0.05																																																																																																	
C44	Condition	Molybdenum	uM	0.1																																																																																																	
C45	Condition	Molybdenum	uM	0.5																																																																																																	
C46	Condition	Molybdenum	uM	1																																																																																																	
C47	Condition	Molybdenum	uM	5																																																																																																	
C48	Condition	Molybdenum	uM	10																																																																																																	
C49	Condition	Molybdenum	uM	50																																																																																																	
C50	Condition	Molybdenum	uM	100																																																																																																	
C51	Condition	Molybdenum	uM	1000																																																																																																	
C52	Condition	Molybdenum	uM	0																																																																																																	
C53	Condition	Molybdenum	uM	0.05																																																																																																	
C54	Condition	Molybdenum	uM	0.1																																																																																																	
C55	Condition	Molybdenum	uM	0.5																																																																																																	
C56	Condition	Molybdenum	uM	1																																																																																																	
C57	Condition	Molybdenum	uM	5																																																																																																	
C58	Condition	Molybdenum	uM	10																																																																																																	
C59	Condition	Molybdenum	uM	50																																																																																																	
C60	Condition	Molybdenum	uM	100																																																																																																	
C61	Condition	Molybdenum	uM	1000																																																																																																	
C62	Condition	Molybdenum	uM	0																																																																																																	
C63	Condition	Molybdenum	uM	0.05																																																																																																	
C64	Condition	Molybdenum	uM	0.1																																																																																																	
C65	Condition	Molybdenum	uM	0.5																																																																																																	
C66	Condition	Molybdenum	uM	1																																																																																																	
C67	Condition	Molybdenum	uM	5																																																																																																	
C68	Condition	Molybdenum	uM	10																																																																																																	
C69	Condition	Molybdenum	uM	50																																																																																																	
C70	Condition	Molybdenum	uM	100																																																																																																	
C71	Condition	Molybdenum	uM	1000																																																																																																	
C72	Condition	Molybdenum	uM	0																																																																																																	
C73	Condition	Molybdenum	uM	0.05																																																																																																	
C74	Condition	Molybdenum	uM	0.1																																																																																																	
C75	Condition	Molybdenum	uM	0.5																																																																																																	
C76	Condition	Molybdenum	uM	1																																																																																																	
C77	Condition	Molybdenum	uM	5																																																																																																	
C78	Condition	Molybdenum	uM	10																																																																																																	
C79	Condition	Molybdenum	uM	50																																																																																																	
C80	Condition	Molybdenum	uM	100																																																																																																	
C81	Condition	Molybdenum	uM	1000																																																																																																	
C82	Condition	Molybdenum	uM	0																																																																																																	
C83	Condition	Molybdenum	uM	0.05																																																																																																	
C84	Condition	Molybdenum	uM	0.1																																																																																																	
C85	Condition	Molybdenum	uM	0.5																																																																																																	
C86	Condition	Molybdenum	uM	1																																																																																																	
C87	Condition	Molybdenum	uM	5																																																																																																	
C88	Condition	Molybdenum	uM	10																																																																																																	
C89	Condition	Molybdenum	uM	50																																																																																																	
C90	Condition	Molybdenum	uM	100																																																																																																	
C91	Condition	Molybdenum	uM	1000																																																																																																	
C92	Condition	Molybdenum	uM	0																																																																																																	
C93	Condition	Molybdenum	uM	0.05																																																																																																	
C94	Condition	Molybdenum	uM	0.1																																																																																																	
C95	Condition	Molybdenum	uM	0.5																																																																																																	
C96	Condition	Molybdenum	uM	1																																																																																																	
C97	Condition	Molybdenum	uM	5																																																																																																	
C98	Condition	Molybdenum	uM	10																																																																																																	
C99	Condition	Molybdenum	uM	50																																																																																																	
C100	Condition	Molybdenum	uM	100																																																																																																	
C101	Condition	Molybdenum	uM	1000																																																																																																	
C1	Condition	Strain		A																																																																																																	
C2	Condition	Strain		A																																																																																																	
C3	Condition	Strain		A																																																																																																	
C4	Condition	Strain		A																																																																																																	
C5	Condition	Strain		A																																																																																																	
C6	Condition	Strain		A																																																																																																	
C7	Condition	Strain		A																																																																																																	
C8	Condition	Strain		A																																																																																																	
C9	Condition	Strain		A																																																																																																	
C10	Condition	Strain		A																																																																																																	
C11	Condition	Strain		B																																																																																																	
C12	Condition	Strain		B																																																																																																	
C13	Condition	Strain		B																																																																																																	
C14	Condition	Strain		B																																																																																																	
C15	Condition	Strain		B																																																																																																	
C16	Condition	Strain		B																																																																																																	
C17	Condition	Strain		B																																																																																																	
C18	Condition	Strain		B																																																																																																	
C19	Condition	Strain		B																																																																																																	
C20	Condition	Strain		B																																																																																																	
C21	Condition	Strain		C																																																																																																	
C22	Condition	Strain		C																																																																																																	
C23	Condition	Strain		C																																																																																																	
C24	Condition	Strain		C																																																																																																	
C25	Condition	Strain		C																																																																																																	
C26	Condition	Strain		C																																																																																																	
C27	Condition	Strain		C																																																																																																	
C28	Condition	Strain		C																																																																																																	
C29	Condition	Strain		C																																																																																																	
C30	Condition	Strain		C																																																																																																	
C31	Condition	Strain		D																																																																																																	
C32	Condition	Strain		D																																																																																																	
C33	Condition	Strain		D																																																																																																	
C34	Condition	Strain		D																																																																																																	
C35	Condition	Strain		D																																																																																																	
C36	Condition	Strain		D																																																																																																	
C37	Condition	Strain		D																																																																																																	
C38	Condition	Strain		D																																																																																																	
C39	Condition	Strain		D																																																																																																	
C40	Condition	Strain		D																																																																																																	
C41	Condition	Strain		D																																																																																																	
C42	Condition	Strain		E																																																																																																	
C43	Condition	Strain		E																																																																																																	
C44	Condition	Strain		E																																																																																																	
C45	Condition	Strain		E																																																																																																	
C46	Condition	Strain		E																																																																																																	
C47	Condition	Strain		E																																																																																																	
C48	Condition	Strain		E																																																																																																	
C49	Condition	Strain		E																																																																																																	
C50	Condition	Strain		E																																																																																																	
C51	Condition	Strain		E																																																																																																	
C52	Condition	Strain		F																																																																																																	
C53	Condition	Strain		F																																																																																																	
C54	Condition	Strain		F																																																																																																	
C55	Condition	Strain		F																																																																																																	
C56	Condition	Strain		F																																																																																																	
C57	Condition	Strain		F																																																																																																	
C58	Condition	Strain		F																																																																																																	
C59	Condition	Strain		F																																																																																																	
C60	Condition	Strain		F																																																																																																	
C61	Condition	Strain		F																																																																																																	
C62	Condition	Strain		G																																																																																																	
C63	Condition	Strain		G																																																																																																	
C64	Condition	Strain		G																																																																																																	
C65	Condition	Strain		G																																																																																																	
C66	Condition	Strain		G																																																																																																	
C67	Condition	Strain		G																																																																																																	
C68	Condition	Strain		G																																																																																																	
C69	Condition	Strain		G																																																																																																	
C70	Condition	Strain		G																																																																																																	
C71	Condition	Strain		G																																																																																																	
C72	Condition	Strain		H																																																																																																	
C73	Condition	Strain		H																																																																																																	
C74	Condition	Strain		H																																																																																																	
C75	Condition	Strain		H																																																																																																	
C76	Condition	Strain		H																																																																																																	
C77	Condition	Strain		H																																																																																																	
C78	Condition	Strain		H																																																																																																	
C79	Condition	Strain		H																																																																																																	
C80	Condition	Strain		H																																																																																																	
C81	Condition	Strain		H																																																																																																	
C82	Condition	Strain		K																																																																																																	
C83	Condition	Strain		K																																																																																																	
C84	Condition	Strain		K																																																																																																	
C85	Condition	Strain		K																																																																																																	
C86	Condition	Strain		K																																																																																																	
C87	Condition	Strain		K																																																																																																	
C88	Condition	Strain		K																																																																																																	
C89	Condition	Strain		K																																																																																																	
C90	Condition	Strain		K																																																																																																	
C91	Condition	Strain		K																																																																																																	
C92	Condition	Strain		L																																																																																																	
C93	Condition	Strain		L																																																																																																	
C94	Condition	Strain		L																																																																																																	
C95	Condition	Strain		L																																																																																																	
C96	Condition	Strain		L																																																																																																	
C97	Condition	Strain		L																																																																																																	
C98	Condition	Strain		L																																																																																																	
C99	Condition	Strain		L																																																																																																	
C100	Condition	Strain		L																																																																																																	
C101	Condition	Strain		L																																																																																																	
C1	DataSeries	SeriesID		S1																																																																																																	
C2	DataSeries	SeriesID		S2																																																																																																	
C3	DataSeries	SeriesID		S3																																																																																																	
C4	DataSeries	SeriesID		S4																																																																																																	
C5	DataSeries	SeriesID		S5																																																																																																	
C6	DataSeries	SeriesID		S6																																																																																																	
C7	DataSeries	SeriesID		S7																																																																																																	
C8	DataSeries	SeriesID		S8																																																																																																	
C9	DataSeries	SeriesID		S9																																																																																																	
C10	DataSeries	SeriesID		S10																																																																																																	
C11	DataSeries	SeriesID		S11																																																																																																	
C12	DataSeries	SeriesID		S12																																																																																																	
C13	DataSeries	SeriesID		S13																																																																																																	
C14	DataSeries	SeriesID		S14																																																																																																	
C15	DataSeries	SeriesID		S15																																																																																																	
C16	DataSeries	SeriesID		S16																																																																																																	
C17	DataSeries	SeriesID		S17																																																																																																	
C18	DataSeries	SeriesID		S18																																																																																																	
C19	DataSeries	SeriesID		S19																																																																																																	
C20	DataSeries	SeriesID		S20																																																																																																	
C21	DataSeries	SeriesID		S21																																																																																																	
C22	DataSeries	SeriesID		S22																																																																																																	
C23	DataSeries	SeriesID		S23																																																																																																	
C24	DataSeries	SeriesID		S24																																																																																																	
C25	DataSeries	SeriesID		S25																																																																																																	
C26	DataSeries	SeriesID		S26																																																																																																	
C27	DataSeries	SeriesID		S27																																																																																																	
C28	DataSeries	SeriesID		S28																																																																																																	
C29	DataSeries	SeriesID		S29																																																																																																	
C30	DataSeries	SeriesID		S30																																																																																																	
C31	DataSeries	SeriesID		S31																																																																																																	
C32	DataSeries	SeriesID		S32																																																																																																	
C33	DataSeries	SeriesID		S33																																																																																																	
C34	DataSeries	SeriesID		S34																																																																																																	
C35	DataSeries	SeriesID		S35																																																																																																	
C36	DataSeries	SeriesID		S36																																																																																																	
C37	DataSeries	SeriesID		S37																																																																																																	
C38	DataSeries	SeriesID		S38																																																																																																	
C39	DataSeries	SeriesID		S39																																																																																																	
C40	DataSeries	SeriesID		S40																																																																																																	
C41	DataSeries	SeriesID		S41																																																																																																	
C42	DataSeries	SeriesID		S42																																																																																																	
C43	DataSeries	SeriesID		S43																																																																																																	
C44	DataSeries	SeriesID		S44																																																																																																	
C45	DataSeries	SeriesID		S45																																																																																																	
C46	DataSeries	SeriesID		S46																																																																																																	
C47	DataSeries	SeriesID		S47																																																																																																	
C48	DataSeries	SeriesID		S48																																																																																																	
C49	DataSeries	SeriesID		S49																																																																																																	
C50	DataSeries	SeriesID		S50																																																																																																	
C51	DataSeries	SeriesID		S51																																																																																																	
C52	DataSeries	SeriesID		S52																																																																																																	
C53	DataSeries	SeriesID		S53																																																																																																	
C54	DataSeries	SeriesID		S54																																																																																																	
C55	DataSeries	SeriesID		S55																																																																																																	
C56	DataSeries	SeriesID		S56																																																																																																	
C57	DataSeries	SeriesID		S57																																																																																																	
C58	DataSeries	SeriesID		S58																																																																																																	
C59	DataSeries	SeriesID		S59																																																																																																	
C60	DataSeries	SeriesID		S60																																																																																																	
C61	DataSeries	SeriesID		S61																																																																																																	
C62	DataSeries	SeriesID		S62																																																																																																	
C63	DataSeries	SeriesID		S63																																																																																																	
C64	DataSeries	SeriesID		S64																																																																																																	
C65	DataSeries	SeriesID		S65																																																																																																	
C66	DataSeries	SeriesID		S66																																																																																																	
C67	DataSeries	SeriesID		S67																																																																																																	
C68	DataSeries	SeriesID		S68																																																																																																	
C69	DataSeries	SeriesID		S69																																																																																																	
C70	DataSeries	SeriesID		S70																																																																																																	
C71	DataSeries	SeriesID		S71																																																																																																	
C72	DataSeries	SeriesID		S72																																																																																																	
C73	DataSeries	SeriesID		S73																																																																																																	
C74	DataSeries	SeriesID		S74																																																																																																	
C75	DataSeries	SeriesID		S75																																																																																																	
C76	DataSeries	SeriesID		S76																																																																																																	
C77	DataSeries	SeriesID		S77																																																																																																	
C78	DataSeries	SeriesID		S78																																																																																																	
C79	DataSeries	SeriesID		S79																																																																																																	
C80	DataSeries	SeriesID		S80																																																																																																	
C81	DataSeries	SeriesID		S81																																																																																																	
C82	DataSeries	SeriesID		S82																																																																																																	
C83	DataSeries	SeriesID		S83																																																																																																	
C84	DataSeries	SeriesID		S84																																																																																																	
C85	DataSeries	SeriesID		S85																																																																																																	
C86	DataSeries	SeriesID		S86																																																																																																	
C87	DataSeries	SeriesID		S87																																																																																																	
C88	DataSeries	SeriesID		S88																																																																																																	
C89	DataSeries	SeriesID		S89																																																																																																	
C90	DataSeries	SeriesID		S90																																																																																																	
C91	DataSeries	SeriesID		S91																																																																																																	
C92	DataSeries	SeriesID		S92																																																																																																	
C93	DataSeries	SeriesID		S93																																																																																																	
C94	DataSeries	SeriesID		S94																																																																																																	
C95	DataSeries	SeriesID		S95																																																																																																	
C96	DataSeries	SeriesID		S96																																																																																																	
C97	DataSeries	SeriesID		S97																																																																																																	
C98	DataSeries	SeriesID		S98																																																																																																	
C99	DataSeries	SeriesID		S99																																																																																																	
C100	DataSeries	SeriesID		S100																																																																																																	
C101	DataSeries	SeriesID		S101																																																																																																	
